#t(Gyr) a(1) filename H(km/s/Mpc)
0.54691009 0.1 none 1191.898919 1.0002205591159203
0.57191009 0.10302466699999999 none 1139.44824367 1.0008333389901107
0.63441009 0.110400044 none 1026.30079015 1.0025765972755796
0.69691009 0.11753573399999999 none 933.84903742 1.0034864358719484
0.75941009 0.124458288 none 856.78424199 1.00406128117323
0.82191009 0.131187802 none 791.01134597 1.0058398457570807
0.88441009 0.13773902300000002 none 733.97537645 1.0093473650870601
0.94691009 0.144122905 none 683.89392499 1.0148412578039212
1.00941009 0.150348029 none 639.50409992 1.0223385690088926
1.07191009 0.156421862 none 599.91424088 1.0315824192928253
1.13441009 0.16235149499999998 none 564.44947999 1.042210868573148
1.19691009 0.168143889 none 532.55917285 1.053890830771833
1.25530367 0.173436493 none 505.42824496 1.066188915359213
1.30526465 0.17787606 none 483.96934594 1.077919716446783
1.35426247 0.182156352 none 464.92305432 1.0876258066705033
1.39991609 0.186081038 none 448.20165105 1.0977952942912632
1.44560115 0.189951084 none 432.82880068 1.106667095792695
1.49090014 0.193734438 none 418.5349383 1.1155542925364177
1.53664394 0.197503373 none 405.10007386 1.1238967959763349
1.58409394 0.20136160900000002 none 392.16952447 1.1316103922403176
1.62895284 0.20496174800000003 none 380.41361757 1.1403655009541498
1.67346133 0.208491522 none 369.71400172 1.1470375433175763
1.71971332 0.21211850399999999 none 359.39366829 1.1526517637506901
1.76582911 0.21569438700000002 none 349.52903984 1.1590217074302347
1.81185654 0.219225363 none 340.32163414 1.1644560975037495
1.85633788 0.22260273800000002 none 331.81843988 1.1699898367842931
1.90165987 0.226011778 none 323.86623392 1.1734107729158507
1.94789968 0.229458318 none 316.15385693 1.1767013259528176
1.99058581 0.232610681 none 309.04703217 1.182051819635471
2.03144211 0.235603789 none 302.83937534 1.184685666111796
2.06965189 0.238382 none 297.14849371 1.1879746823007102
2.10611786 0.241015721 none 292.04905492 1.1899450406415262
2.1400879 0.243453826 none 287.38592673 1.1923227283207938
2.17264881 0.245777847 none 283.17939878 1.1935018913049993
2.20341711 0.247962551 none 279.28655172 1.194857995307833
2.23439734 0.250152447 none 275.67602416 1.1944345820332762
2.26504835 0.25230951 none 272.12758028 1.1946168834990216
2.29637379 0.254505058 none 268.71822031 1.1936888743592147
2.32742491 0.25667232 none 265.33661928 1.1935569273155662
2.35924607 0.258884924 none 262.1148732 1.1919856256754957
2.39144972 0.261115481 none 258.86616153 1.1910395902801836
2.42436656 0.263386966 none 255.69623741 1.189441576978396
2.45732896 0.26565312900000004 none 252.57578228 1.188081978843421
2.49019294 0.267904254 none 249.54502456 1.1866918753430762
2.52299605 0.270143452 none 246.64776245 1.184777869647849
2.5569183 0.272451842 none 243.83276288 1.1817381718765454
2.59089138 0.274756108 none 240.98014096 1.179695854085987
2.62482621 0.277050601 none 238.25880866 1.177062184180606
2.65715066 0.279228944 none 235.59933115 1.1758318525323241
2.69159473 0.281544826 none 233.23179191 1.1704597373077477
2.72624664 0.283868169 none 230.62422439 1.1679242971498112
2.76100294 0.286192234 none 228.14756717 1.1645802225877793
2.7962259 0.288541704 none 225.75749366 1.160551727313743
2.8313109 0.29087592 none 223.35512961 1.1573359856959455
2.86652531 0.29321333 none 221.09204778 1.1531272992306227
2.90229003 0.295582102 none 218.85651023 1.1487387977151908
2.93858624 0.297981068 none 216.65260532 1.144144243269936
2.97511408 0.300390406 none 214.48036947 1.139570916844592
3.01143214 0.302780901 none 212.33886172 1.135351212245034
3.04650842 0.30508436 none 210.23376581 1.1321653431766763
3.08215794 0.30742178400000003 none 208.37750616 1.1263387900856954
3.1175999 0.309741395 none 206.42026366 1.1222050585015109
3.15149439 0.311955276 none 204.527731 1.1189050210194205
3.18495925 0.314137775 none 202.84450915 1.114006247457481
3.21702137 0.316225145 none 201.13426397 1.110742287833292
3.24840941 0.318265758 none 199.59544697 1.1063782290657054
3.27895887 0.320249099 none 198.08662747 1.1025557619714212
3.30941493 0.32222413099999997 none 196.67187426 1.0980343648184023
3.340805 0.324258213 none 195.32914827 1.092364458292248
3.37311934 0.326350733 none 193.94703233 1.0868123730072934
3.40634993 0.32850097300000003 none 192.52799217 1.0813763935145417
3.43948633 0.330643004 none 191.07041791 1.0767371755981507
3.4734292 0.33283582300000003 none 189.72996446 1.070563885625373
3.50694956 0.33499924000000003 none 188.28863371 1.0660926652619527
3.5404329 0.337158511 none 186.94519119 1.0608247674389268
3.57358749 0.339294923 none 185.62782888 1.0557385378282147
3.60815254 0.341521796 none 184.43517745 1.0486530781321253
3.64360031 0.343804743 none 183.13231246 1.0425792540165606
3.67985558 0.34613877400000004 none 181.82145182 1.0364148643869115
3.71617155 0.348475288 none 180.47320708 1.0309395475617413
3.75164485 0.350755902 none 179.15685636 1.0258711105741305
3.78516512 0.35290874699999997 none 177.85782453 1.0219776753466079
3.81799704 0.35501608 none 176.72689557 1.0167759347254162
3.85020126 0.35708204600000004 none 175.62114239 1.0118519886577253
3.88181842 0.35910949400000003 none 174.56424511 1.006893131832689
3.91441719 0.36120002900000003 none 173.60813011 1.000440306119532
3.94752855 0.363323165 none 172.55462047 0.9950437514709536
3.98045341 0.365433711 none 171.49198969 0.9900591135553083
4.01283618 0.367508743 none 170.45528936 0.9852595160943047
4.04480772 0.369556779 none 169.46164465 0.9803660770258706
4.07774915 0.37166749 none 168.59141586 0.973733224515281
4.10968048 0.37371260500000003 none 167.53979551 0.9698965786697546
4.14121638 0.375732134 none 166.64234554 0.9646480080719771
4.17306186 0.37777180499999996 none 165.79190432 0.9588691920497148
4.20521972 0.379831562 none 164.88931668 0.9537102360538431
4.23757458 0.381904113 none 164.01228031 0.9483286874323156
4.26941513 0.38394347 none 163.10445193 0.9437156157491546
4.30124509 0.385982263 none 162.26634857 0.9384597651764957
4.33409105 0.388087022 none 161.48446774 0.9322357569151831
4.36703879 0.390198601 none 160.61033509 0.9271938205999196
4.40064043 0.392352738 none 159.78969767 0.9213974708182943
4.43367875 0.394470538 none 158.88258281 0.9170189900239505
4.46658892 0.396580357 none 158.07187813 0.9117416694806202
4.49979058 0.398709262 none 157.26330437 0.9064646288676839
4.5325335 0.400808857 none 156.43657163 0.9017499351460923
4.5659073 0.40294967899999995 none 155.68602868 0.8960307318770417
4.59958156 0.405110596 none 154.91592817 0.8905569023070464
4.63388915 0.40731326599999995 none 154.16572902 0.8847351495817137
4.66715227 0.409448847 none 153.31930074 0.8806067532065354
4.70003771 0.41156049499999997 none 152.56778353 0.8756850034336225
4.73355866 0.41371382700000003 none 151.85559227 0.8701877012648054
4.76609357 0.415803877 none 151.06756154 0.8660971058578074
4.79880466 0.417905894 none 150.3752704 0.8609665868148498
4.83272371 0.420086897 none 149.71249034 0.855147741273719
4.86863987 0.422398319 none 149.04154939 0.8487765489975074
4.90357155 0.42464657600000005 none 148.205314 0.8448200205358299
4.93669555 0.42677808400000006 none 147.41738424 0.8411450608009102
4.96892572 0.428852175 none 146.72846122 0.836802659434055
5.00063896 0.43089342799999997 none 146.07579675 0.8323548040192024
5.03113353 0.43285620700000005 none 145.39451501 0.8287959763798173
5.06113482 0.43478762 none 144.79291081 0.8246098573906384
5.09069854 0.43669138399999996 none 144.20671807 0.8205022433455467
5.12069483 0.438624121 none 143.67637547 0.8156923121515526
5.14968442 0.440492256 none 143.05552633 0.8123637139021262
5.1788773 0.442374272 none 142.52571759 0.8080134192143904
5.20859116 0.44429078200000005 none 141.98263294 0.8037153623694621
5.23862053 0.4462287 none 141.4481188 0.7992962569427011
5.2693803 0.44821501599999997 none 140.91749924 0.7946677120135157
5.30224613 0.450339577 none 140.43282349 0.7888910459304852
5.33668309 0.452567724 none 139.85673898 0.7837130884137102
5.37123224 0.454804262 none 139.21027158 0.7793965694175423
5.407138 0.457130587 none 138.64352825 0.773846069602062
5.44302601 0.459456798 none 137.97429951 0.76956301647769
5.47897659 0.461788359 none 137.36149342 0.7647432961875449
5.51523918 0.46414169899999996 none 136.76180879 0.7597893359103034
5.54991181 0.466392014 none 136.07147732 0.7564619932073242
5.58538522 0.468696018 none 135.5499423 0.751107611997585
5.61955993 0.47091608799999995 none 134.8977902 0.7477120422493188
5.653899 0.473147991 none 134.35353901 0.7431652708062778
5.68742422 0.475327633 none 133.76096969 0.7394973535116627
5.7216924 0.477557311 none 133.27321361 0.7345348310136761
5.75391081 0.479653683 none 132.64456102 0.7318336668401724
5.78518283 0.481688825 none 132.11603746 0.7283897689086836
5.81505735 0.48363313799999996 none 131.58568356 0.7254528568839591
5.84418218 0.48552926799999996 none 131.13079002 0.7219697971888929
5.87264592 0.48738289300000004 none 130.66768819 0.7188319455290795
5.90124928 0.489246521 none 130.24685303 0.7152484293776313
5.93060733 0.491160626 none 129.84091416 0.7113459563721314
5.96109729 0.493150109 none 129.42750987 0.7072680458622067
5.99141215 0.49512910200000004 none 128.94927101 0.704014308612994
6.02206874 0.49713154499999995 none 128.50982628 0.7003062310743126
6.05383232 0.499208225 none 128.11801807 0.6958393887208458
6.08629835 0.501332447 none 127.66101058 0.6919594289295032
6.12000464 0.503539906 none 127.23421803 0.6874879577295998
6.15463941 0.505810033 none 126.75845183 0.6833740098313936
6.18909219 0.508069447 none 126.24435608 0.6798004507648361
6.22419574 0.510373334 none 125.78802399 0.6755105145436975
6.26027787 0.512743392 none 125.31240035 0.6712531158934189
6.29560614 0.515065087 none 124.78835298 0.667790420806913
6.32976253 0.517310387 none 124.26723883 0.6646725382619006
6.36365746 0.519539698 none 123.81685077 0.6609352404297142
6.39693667 0.521729486 none 123.34627222 0.6576372816091263
6.42933628 0.5238621219999999 none 122.87950686 0.6545829905033398
6.4612761 0.525965474 none 122.45300992 0.6512743731822878
6.49234732 0.528012275 none 122.00782502 0.6484361246357548
6.5236133 0.530073043 none 121.61527174 0.6450468278560454
6.55541197 0.5321704429999999 none 121.23471956 0.6414581901040542
6.58793699 0.5343171840000001 none 120.82474991 0.6380656926604292
6.62015505 0.536444692 none 120.39210846 0.6350438737288748
6.65125388 0.538498872 none 119.95439135 0.6323942786443688
6.68131993 0.5404854809999999 none 119.55519689 0.6296302928394161
6.71096199 0.54244489 none 119.17833791 0.6267770889836416
6.74077715 0.544416945 none 118.83096446 0.6236206424846246
6.77230666 0.546504412 none 118.51445192 0.6197991648722745
6.80404232 0.548606779 none 118.10709368 0.6169346372718983
6.83694982 0.550788831 none 117.77142503 0.6131114035486431
6.87038561 0.553007424 none 117.36283204 0.6099870040596418
6.90307964 0.555177562 none 116.92547416 0.6073802040383961
6.93555283 0.557334318 none 116.55611388 0.604167213489833
6.96836017 0.559514792 none 116.18959774 0.6009044427025096
7.0005389 0.5616543700000001 none 115.77787177 0.5982959702729842
7.03288457 0.563806373 none 115.41902304 0.595154743169745
7.06400958 0.565877692 none 115.00475324 0.5928916408188526
7.09556103 0.5679788219999999 none 114.68243707 0.5896365196682919
7.12693238 0.57006904 none 114.31145813 0.586965713340337
7.15724637 0.572089301 none 113.9197428 0.5847701017119555
7.18679259 0.574059107 none 113.57673558 0.5822721676214412
7.21689223 0.576067074 none 113.26786038 0.5793514199364311
7.24757757 0.578115454 none 112.94182468 0.5765291786151125
7.27755666 0.580117542 none 112.58663445 0.5741864775608054
7.30791637 0.5821464620000001 none 112.28819282 0.5712282234735021
7.33934871 0.584248722 none 111.97790666 0.5682201451232889
7.37120714 0.586380806 none 111.63051071 0.5655481254368784
7.40316016 0.5885205 none 111.28960973 0.5628343621972123
7.43417894 0.5905983499999999 none 110.92196346 0.5606125862347379
7.46516084 0.5926750199999999 none 110.61763822 0.5577967716479684
7.49578883 0.594728835 none 110.2710186 0.5555138227412233
7.52560624 0.596728982 none 109.93477529 0.5533157711618644
7.55480725 0.598688511 none 109.61735657 0.5510781695597236
7.58381078 0.600635648 none 109.31427419 0.5487664665570066
7.61148749 0.6024940049999999 none 108.97890921 0.5470556726759424
7.63811288 0.604282243 none 108.6906135 0.5450935597147384
7.66305545 0.605957568 none 108.38667167 0.5436210020328647
7.68737396 0.607591582 none 108.15169972 0.5415925550395689
7.71267093 0.609292487 none 107.93967242 0.539181482357563
7.73852182 0.611031698 none 107.69466896 0.5370256091974615
7.76462489 0.612788736 none 107.43154057 0.5350306976554515
7.7909639 0.614562559 none 107.17723651 0.5329312958319256
7.81715456 0.616327042 none 106.90207662 0.5310906745486902
7.84393552 0.618132382 none 106.66707279 0.5287731421898298
7.87164203 0.620001395 none 106.42303271 0.5264114988333568
7.90051859 0.621950883 none 106.17969174 0.5238698956370993
7.92942481 0.623903345 none 105.88357468 0.5218738032252274
7.95884254 0.62589163 none 105.62269156 0.5194727094102997
7.98836058 0.627887711 none 105.33330958 0.5173652076805715
8.01829771 0.629913403 none 105.06699075 0.5149908275597639
8.04802647 0.631925968 none 104.77504426 0.5129326162445668
8.07845791 0.6339877 none 104.53116266 0.5103176278214477
8.10902547 0.636059697 none 104.22853515 0.5082855068722533
8.13976325 0.638144399 none 103.94909792 0.5060300338404589
8.17037427 0.640221588 none 103.66391664 0.5038815530333038
8.20081054 0.642287908 none 103.37767845 0.5018013683146197
8.23106175 0.644342724 none 103.10304298 0.4996672395381707
8.26197079 0.6464435660000001 none 102.8404961 0.49734121486028454
8.29403422 0.648624521 none 102.57867692 0.4948577242553821
8.32607168 0.650804799 none 102.27230774 0.4928403724036119
8.35821571 0.65299349 none 101.98522089 0.490652021232169
8.39012779 0.6551672789999999 none 101.68227399 0.48868333681630477
8.42305141 0.657411686 none 101.43119455 0.4860929129400111
8.45646942 0.6596910850000001 none 101.12760013 0.4839643608392837
8.4894147 0.661939148 none 100.81631171 0.4820130748332266
8.52241662 0.664192255 none 100.53312282 0.47981614972386855
8.55420666 0.666363233 none 100.22122018 0.478103779848268
8.5861528 0.66854625 none 99.97495397 0.47577085225817933
8.6182689 0.6707423109999999 none 99.7135182 0.47358663817797936
8.65022233 0.6729283859999999 none 99.43471688 0.4716197681737886
8.68226404 0.675121654 none 99.16422814 0.46958957137493607
8.71393212 0.677290319 none 98.88697062 0.4677048567724663
8.74444774 0.679380583 none 98.59737221 0.4661273188677433
8.77445042 0.681436522 none 98.34598499 0.46428552259413725
8.80486698 0.6835221060000001 none 98.11735801 0.4621950004766826
8.83577008 0.6856424910000001 none 97.88370572 0.4601089182380428
8.86666178 0.687763156 none 97.62174702 0.4583157247458127
8.89841304 0.689944443 none 97.39737477 0.4560765715683658
8.93099709 0.692184562 none 97.15152818 0.45395168185412416
8.96370978 0.694434811 none 96.88439798 0.4520354439811377
8.99630672 0.696678302 none 96.62242176 0.450113395420926
9.0299999 0.6989989750000001 none 96.38442245 0.44784869536899674
9.0633868 0.7012997160000001 none 96.10454845 0.44604200026523844
9.09711567 0.703625479 none 95.8529046 0.44395545992319896
9.13031347 0.7059156950000001 none 95.57888296 0.44217299372692176
9.16209345 0.708108669 none 95.29746851 0.4406686618320077
9.19190925 0.710166288 none 95.02195143 0.43938637111399476
9.22066578 0.712151396 none 94.79491249 0.43781191733786484
9.24939802 0.714135821 none 94.58886174 0.43606595049938657
9.27778997 0.7160975439999999 none 94.36366874 0.4345586923518693
9.30545828 0.7180097990000001 none 94.13234967 0.43321722501968424
9.33453402 0.720020919 none 93.9690575 0.43109158358564176
9.36370738 0.722039843 none 93.74157797 0.42956275581643644
9.39246045 0.7240304359999999 none 93.5124606 0.4281196782402361
9.42172457 0.726057624 none 93.31801452 0.4263147692211429
9.45166637 0.728132999 none 93.10780759 0.42459051363315153
9.48207249 0.730241752 none 92.88989896 0.42289998210411944
9.51327655 0.732407359 none 92.68641462 0.421002200175119
9.54525437 0.734628201 none 92.46977878 0.41915263750670206
9.57679377 0.736819604 none 92.22600881 0.4176228791090755
9.608753 0.739041382 none 92.002723 0.4158790038864651
9.63993354 0.741209826 none 91.75909592 0.41443160998998785
9.67191681 0.74343553 none 91.55659482 0.4125393938633776
9.7034268 0.745629137 none 91.30962588 0.41112405686192943
9.7337663 0.747741719 none 91.06396579 0.40985163625909565
9.7631305 0.749786978 none 90.84483615 0.4084702737551801
9.79294261 0.751864556 none 90.65453761 0.40679602311003416
9.8236367 0.754005008 none 90.46243054 0.40505633913277295
9.85445541 0.756155251 none 90.24434574 0.40355405005311745
9.88547048 0.7583203199999999 none 90.03394434 0.4019795824100767
9.91615657 0.760463178 none 89.80407685 0.40063413795739733
9.94609636 0.7625545469999999 none 89.58220618 0.3993175299692368
9.97635117 0.7646690869999999 none 89.39536062 0.3976711333972626
10.00724113 0.766829336 none 89.20065069 0.3960430778652494
10.03797691 0.768979709 none 88.98006936 0.3946794443847043
10.06836459 0.771106544 none 88.76693022 0.39330463106385843
10.09838736 0.773208742 none 88.56563866 0.39188067246023717
10.1277839 0.7752677130000001 none 88.35148132 0.39065363096122857
10.15816217 0.77739681 none 88.18154076 0.38894751455707455
10.18868849 0.779537315 none 87.97445433 0.3875705226621803
10.21849674 0.781628113 none 87.75821991 0.3863656460669106
10.24871686 0.783748903 none 87.57595551 0.38483452028215165
10.27881539 0.785862049 none 87.37267247 0.38351684210072057
10.30927511 0.788001576 none 87.17979168 0.38208652060993925
10.33944707 0.7901217349999999 none 86.97681106 0.3807900936700194
10.37020521 0.792284329 none 86.79738041 0.37924354272462135
10.40041605 0.794409159 none 86.58370394 0.3780677041728838
10.43051027 0.796526794 none 86.40078168 0.37665012624584987
10.46068937 0.7986513399999999 none 86.20748247 0.375329784791894
10.49130137 0.800807593 none 86.03032661 0.3738410075221559
10.52177323 0.8029549570000001 none 85.83431493 0.37254538487616035
10.55205067 0.8050894879999999 none 85.63945726 0.37127383829513655
10.58253772 0.807239816 none 85.45479159 0.36990829131458375
10.61295093 0.8093859480000001 none 85.26827294 0.3685808055294089
10.64306948 0.811512072 none 85.07180841 0.3673823981758444
10.67286771 0.813616305 none 84.8798634 0.3661898942421892
10.70330505 0.8157668389999999 none 84.71087313 0.3647524107193707
10.73507897 0.818013388 none 84.54492208 0.3631770006267584
10.76681228 0.820258143 none 84.34385032 0.3619229572060991
10.79749422 0.822428916 none 84.12367418 0.3609466781974866
10.82837752 0.824614959 none 83.95223398 0.3595476773743475
10.85969618 0.826833054 none 83.77754671 0.3581507474260878
10.89105511 0.82905501 none 83.58646756 0.3569050069669341
10.92247604 0.831282374 none 83.40061438 0.3556234678955276
10.95265101 0.833421783 none 83.18893207 0.3546900361257254
10.98270315 0.835553347 none 83.02001882 0.3534161765944955
11.01280776 0.8376895879999999 none 82.84727275 0.3521833689794141
11.04335147 0.839858049 none 82.67557799 0.35091544467672026
11.07416263 0.842046595 none 82.50260448 0.3496479120684617
11.10533692 0.8442620829999999 none 82.32946381 0.3483631429068571
11.13629817 0.846463408 none 82.14858436 0.34717616012801683
11.16716273 0.848658728 none 81.96663212 0.34601999910619713
11.19807891 0.850858708 none 81.79371692 0.3447961412028431
11.22904386 0.853063119 none 81.61727066 0.34361094979474294
11.26002439 0.855269714 none 81.44849601 0.3423727647678934
11.29159442 0.8575194429999999 none 81.27734538 0.3411172487231137
11.32235754 0.859712185 none 81.07757436 0.340184003470897
11.35380281 0.8619548370000001 none 80.92729274 0.3387903808658442
11.3848541 0.864170119 none 80.73603894 0.33778628818351475
11.4158557 0.866382704 none 80.56306786 0.3366458894695408
11.44669478 0.868584474 none 80.38630135 0.33556321680485285
11.47769262 0.870798519 none 80.21882795 0.3344020713296297
11.50871505 0.873015286 none 80.05039733 0.33325916435934716
11.54001378 0.875252844 none 79.88453908 0.332084472538622
11.57172931 0.8775213510000001 none 79.72016111 0.33087596207864495
11.60322394 0.8797748719999999 none 79.53863008 0.32984032878534336
11.63418018 0.8819904949999999 none 79.35812349 0.328851732659851
11.66417633 0.884137824 none 79.17741577 0.3279533502340274
11.69465103 0.886320437 none 79.03078833 0.326745571599657
11.72523134 0.8885115130000001 none 78.86570434 0.32569348961424915
11.75533591 0.890669041 none 78.68792499 0.32479502788160075
11.78556828 0.8928366069999999 none 78.53491424 0.32369285716253715
11.81543874 0.894979047 none 78.3760251 0.32267814900642905
11.84512051 0.8971086420000001 none 78.21299847 0.32172264913828663
11.87464283 0.8992274610000001 none 78.05273463 0.32076701197087193
11.90468018 0.90138433 none 77.91291088 0.31961397237027017
11.93465066 0.9035371870000001 none 77.7501612 0.31866468572961276
11.96582796 0.90577807 none 77.61357707 0.3174196616035088
11.99724205 0.908036958 none 77.44762857 0.31640825453448196
12.02858599 0.910291569 none 77.27837114 0.31544027934665525
12.05923105 0.9124964780000001 none 77.10826904 0.3145423522187537
12.08934489 0.914663833 none 76.95120906 0.3135878391494647
12.11947606 0.9168333439999999 none 76.80557149 0.3125489037815014
12.15030469 0.919054082 none 76.65640834 0.3114974458286864
12.18049085 0.9212291240000001 none 76.48855089 0.31065531215374304
12.20980239 0.9233416200000001 none 76.32901613 0.30981901150479885
12.23871086 0.92542569 none 76.18272422 0.3089135635671706
12.26762215 0.927510611 none 76.03563923 0.30802329740969203
12.29730821 0.9296525040000001 none 75.90739289 0.3069336809552846
12.32810761 0.931875926 none 75.76832297 0.30586163243493586
12.35954722 0.9341467099999999 none 75.62070376 0.30482314072988054
12.39058446 0.936389127 none 75.45536093 0.3039662324450628
12.42077993 0.9385711969999999 none 75.29267555 0.30315693056074916
12.45015441 0.9406944620000001 none 75.1423237 0.3023149503870479
12.48008315 0.942858676 none 75.00695672 0.30132261902243906
12.51102805 0.945097483 none 74.86988469 0.3002828164990403
12.54167881 0.947315747 none 74.71288322 0.2994327964831496
12.57242624 0.949541853 none 74.56796745 0.2984885541407295
12.60292026 0.951750386 none 74.41976312 0.2975972250595707
12.63368861 0.953979683 none 74.2778104 0.29664638907382246
12.66459373 0.9562197649999999 none 74.13224095 0.29572444312967716
12.69600571 0.9584976660000001 none 73.99442262 0.29471583997711615
12.72730186 0.960767972 none 73.84113267 0.29384775560962795
12.75903951 0.963071391 none 73.7037016 0.292833382086127
12.79028151 0.965339423 none 73.54152537 0.2920580856313001
12.82036757 0.967523879 none 73.38306616 0.29133847574388266
12.84893983 0.9695986160000001 none 73.23063921 0.2906785720750005
12.87761107 0.97168124 none 73.10720603 0.28978960414985
12.90681462 0.9738035500000001 none 72.98838714 0.2888371390605953
12.93705265 0.9760021269999999 none 72.86070852 0.28789595047785566
12.96813141 0.978262888 none 72.72515667 0.28697136487890906
12.99810414 0.9804436040000001 none 72.56664452 0.28630747847520355
13.02739823 0.982575493 none 72.43029773 0.2855198483028004
13.05613186 0.984666997 none 72.28814768 0.28482118567117276
13.08557207 0.98681095 none 72.17571685 0.2838510709034744
13.11605648 0.9890320920000001 none 72.05242382 0.2829086899807007
13.14673527 0.991268289 none 71.91411751 0.2820802491112671
13.17784423 0.9935369270000001 none 71.78718152 0.28114397695213766
13.20968835 0.9958602259999999 none 71.65116848 0.2802417991806936
13.2406715 0.9981211480000001 none 71.49324048 0.2795727845831948
13.27122058 1.000351072 none 71.35938727 0.27875013000296484
