#t(Gyr) a(1) filename H(km/s/Mpc)
0.54691009 0.1 none 1191.898919 1.0002203974616437
0.57191009 0.10302466699999999 none 1139.44822143 1.0008332163057596
0.63441009 0.11040005500000001 none 1026.303362 1.002571110781621
0.69691009 0.117536006 none 933.89840094 1.0033732269692603
0.75941009 0.124459599 none 856.95447859 1.003630522952175
0.82191009 0.131192039 none 791.44727184 1.0046346198729903
0.88441009 0.13774958399999998 none 734.83041215 1.0067680548351143
0.94691009 0.144144405 none 685.22958971 1.0104363752925978
1.00941009 0.150385656 none 641.29169006 1.015883929595212
1.07191009 0.156480624 none 602.05229644 1.0231149157631405
1.13441009 0.162435529 none 566.79062995 1.0320153412921098
1.19691009 0.168256311 none 534.98799985 1.0422511642723122
1.25941009 0.173948643 none 506.18329692 1.0536486207544078
1.32191009 0.179518227 none 480.03015141 1.0658887387361402
1.38441009 0.184970872 none 456.2346165 1.0786686551298623
1.44691009 0.190312569 none 434.55485175 1.0916487883181953
1.50941009 0.195549449 none 414.77683941 1.1045255665371874
1.57191009 0.200687427 none 396.67828865 1.1172161420557227
1.63441009 0.20573243300000002 none 380.10648175 1.1294206433219616
1.69691009 0.210690349 none 364.91332296 1.1409357582031292
1.75941009 0.215566645 none 350.93387848 1.151805846151552
1.82191009 0.220366647 none 338.06229195 1.1618324564139486
1.88441009 0.225095275 none 326.17103753 1.1710747905994412
1.94691009 0.22975745600000003 none 315.19557442 1.179248941294883
2.00941009 0.234357991 none 305.05320027 1.1862714774513847
2.06741155 0.23857234100000002 none 295.92305443 1.194969113909874
2.12428131 0.242658207 none 287.88122505 1.1999493686803528
2.17751046 0.246441988 none 280.57817598 1.2059315930224914
2.22677131 0.24991009599999997 none 274.17456548 1.2110688308928856
2.27429284 0.253228034 none 268.48963806 1.2139034620075468
2.32317854 0.256616388 none 263.11919219 1.2145526363459378
2.37384569 0.260103346 none 257.77535546 1.2152173255080019
2.42617975 0.263680165 none 252.54891488 1.215209510154565
2.4780788 0.267202073 none 247.44379884 1.216471504685092
2.53013514 0.270711564 none 242.7039857 1.2159068859938769
2.58098799 0.27411780399999996 none 238.1626973 1.2162289766408396
2.63110847 0.27745515200000004 none 233.96818268 1.215297416105541
2.6811833 0.28077124200000003 none 229.98884926 1.2136770193024555
2.73175458 0.284103316 none 226.18990394 1.2111535823593653
2.78084204 0.28732087100000003 none 222.49469518 1.2101346995361095
2.83034903 0.290551545 none 219.11814589 1.2065582747546828
2.88004346 0.293780671 none 215.80976185 1.2032690119419214
2.93042426 0.29704154699999996 none 212.6357536 1.199086140107444
2.98251588 0.30040122999999996 none 209.55158826 1.1936789222718687
3.03525171 0.30378993099999996 none 206.43914171 1.1892422867816042
3.08761732 0.30714247299999997 none 203.43968577 1.1849051190214044
3.13858446 0.31039348 none 200.57190296 1.1811270030245196
3.18973085 0.313646347 none 197.97800785 1.1749515478588788
3.24196467 0.316959825 none 195.43763022 1.1682761948933669
3.29406978 0.320256245 none 192.89706207 1.1626005139314874
3.34715699 0.323607119 none 190.49970743 1.1553983192868904
3.40029528 0.32695301099999996 none 188.07550229 1.1493546948538789
3.45498812 0.330390311 none 185.81945979 1.1410646837286833
3.5071356 0.333658608 none 183.41973156 1.1370392348071336
3.55880085 0.336890278 none 181.3668927 1.1297779620999913
3.60964788 0.340064653 none 179.33405867 1.1234778774821041
3.65735599 0.343036157 none 177.33793819 1.1193130156710631
3.70524195 0.346014625 none 175.64522609 1.111779063010528
3.75201441 0.348919323 none 173.89968809 1.1061190935830671
3.79907616 0.351839051 none 172.32875296 1.0985680046005275
3.84701576 0.354810902 none 170.76936846 1.0908467629594774
3.89505719 0.35778609299999997 none 169.16273932 1.0841634775842846
3.9423541 0.36071179999999997 none 167.58515745 1.0780090483167397
3.98992347 0.363652394 none 166.15827605 1.0702155343549213
4.03875574 0.366670064 none 164.76458655 1.061745550764918
4.08859757 0.369749011 none 163.33092176 1.053699246581164
4.14083267 0.37297605100000003 none 161.96640543 1.043955127365719
4.19304242 0.376200062 none 160.46270674 1.0365010413448477
4.24496514 0.379404478 none 159.00439655 1.0290795204168794
4.2996087 0.382777924 none 157.72769041 1.0183991365809286
4.35350272 0.386103388 none 156.22258335 1.011523765249086
4.40598859 0.389339985 none 154.82202035 1.0044355475296391
4.45974736 0.392655914 none 153.61927301 0.9945960237682983
4.51184695 0.395867645 none 152.22214124 0.9884822672993282
4.56292671 0.399015591 none 150.99852353 0.9809786615605189
4.61311464 0.402108008 none 149.81766452 0.9736891862532605
4.66291779 0.405176616 none 148.68933255 0.9662328886566356
4.71223901 0.40821543699999996 none 147.57805428 0.9590974286474263
4.75960985 0.411132621 none 146.42335568 0.9536917738923739
4.80735024 0.41407356999999995 none 145.4940493 0.9454782972892722
4.85378869 0.41693372 none 144.42624103 0.9398992015857094
4.90062264 0.419819282 none 143.52692313 0.9322248263116768
4.94842662 0.422766236 none 142.61871196 0.924529243907186
4.99631496 0.425719697 none 141.68391101 0.9174074286450205
5.04558758 0.42876068500000003 none 140.79801116 0.9093616812028199
5.09528927 0.431829588 none 139.84531831 0.9022803665659448
5.14466661 0.43487964999999995 none 138.91295245 0.8953272819401595
5.19250095 0.437833947 none 137.91730428 0.8900384024742228
5.24067654 0.44081127999999997 none 137.13168356 0.8821467638216277
5.2888973 0.44379282800000003 none 136.26291273 0.8755448222754915
5.33796268 0.44682872900000004 none 135.44764445 0.868177207351259
5.38611136 0.44980868799999996 none 134.5553084 0.8623615175464988
5.43373737 0.45275707499999995 none 133.71448312 0.8562920703261977
5.48082641 0.455673329 none 132.91708746 0.8500649255783669
5.52643876 0.45849871999999997 none 132.11402653 0.8446218607812909
5.57161482 0.461298615 none 131.40624612 0.8382934804497187
5.61828904 0.46419418300000004 none 130.74297532 0.8310721886478585
5.6661022 0.467163255 none 130.0355097 0.8242227596366323
5.71253622 0.47004709699999997 none 129.20248086 0.819612793147027
5.7587516 0.472919113 none 128.52633837 0.8132605196335
5.80499371 0.475794551 none 127.82814254 0.8073525290974118
5.85308344 0.478788672 none 127.2330922 0.7997289075444703
5.9012259 0.481788105 none 126.48778086 0.7941621635037341
5.94957816 0.484803034 none 125.81032669 0.7878544479905032
5.99963658 0.487927927 none 125.17050223 0.7807348055665994
6.05127934 0.49115609200000004 none 124.5293617 0.7733434813451915
6.10427748 0.49447281600000004 none 123.82466398 0.7665367474410779
6.15584463 0.497701469 none 123.03370569 0.7614117616371284
6.20599454 0.5008431090000001 none 122.33438466 0.7557399258223206
6.25718652 0.504053565 none 121.72396212 0.7488456753991957
6.30836448 0.507265752 none 121.03345196 0.7431168228281454
6.35829716 0.510401576 none 120.34394331 0.7378873459109362
6.40640024 0.5134237589999999 none 119.67610384 0.733046945879448
6.45478474 0.5164665989999999 none 119.12144297 0.7268887501429717
6.50437071 0.5195888710000001 none 118.56906987 0.7205302382153259
6.55266512 0.522631031 none 117.8750446 0.7163829513608623
6.59921267 0.525564202 none 117.25669644 0.711904800095307
6.64581227 0.528502983 none 116.72300301 0.70651164599825
6.69359791 0.531520074 none 116.21807943 0.7005968116149691
6.74233017 0.534600324 none 115.67199306 0.6950730795281832
6.79129481 0.537698547 none 115.12469936 0.689637631709988
6.84104742 0.540849636 none 114.55755971 0.6843801833789416
6.88991557 0.5439468009999999 none 113.96564845 0.6797627244235008
6.93752223 0.5469654270000001 none 113.37790729 0.6755197602180095
6.98387255 0.549905756 none 112.823898 0.6712859559750272
7.02727461 0.552659129 none 112.24045832 0.6681956609049557
7.06912073 0.555314688 none 111.75831668 0.6643506636354461
7.11090819 0.557968481 none 111.33146082 0.6599480392098209
7.15264691 0.560621358 none 110.90045162 0.6556906820295255
7.19520974 0.563329137 none 110.47678147 0.651247227585703
7.23946054 0.566147459 none 110.06130837 0.6464225957360528
7.28323203 0.56893708 none 109.56639972 0.6427277597411496
7.32778798 0.571779483 none 109.14724034 0.6380626696178002
7.37108317 0.5745428890000001 none 108.6525846 0.6346394629562618
7.41530218 0.577368294 none 108.26818548 0.6298165214075264
7.46074523 0.580275407 none 107.86282861 0.6250697096256039
7.50644829 0.5832021949999999 none 107.42351536 0.6207523731005363
7.55197342 0.586119685 none 106.94841353 0.6169741136570103
7.59748052 0.589038571 none 106.51982519 0.612748796477334
7.64330487 0.5919803619999999 none 106.08258852 0.608645537259351
7.68906174 0.5949202889999999 none 105.64532178 0.604641117758646
7.73481023 0.597861938 none 105.20262878 0.600784414725698
7.78043344 0.600797959 none 104.7781534 0.5968259971231876
7.82581006 0.60372028 none 104.34393378 0.5931067312642342
7.87064143 0.606609449 none 103.91421362 0.5895180881601907
7.91478388 0.609456168 none 103.49981635 0.5859599998590902
7.95722216 0.612194006 none 103.05920508 0.583087542165843
7.99933388 0.614912827 none 102.70078111 0.579410562222695
8.04012234 0.617547664 none 102.30809326 0.5764254237458294
8.08055826 0.620161367 none 101.94509934 0.5732284368224629
8.12127305 0.6227951349999999 none 101.60038746 0.5698337869439971
8.16100724 0.625366803 none 101.22165356 0.5670524524221312
8.20215711 0.628032895 none 100.92595361 0.5631468513806391
8.2439435 0.630742713 none 100.57734819 0.5597801207669372
8.2861851 0.633484164 none 100.21189817 0.5565814059871909
8.32827475 0.6362179450000001 none 99.86253697 0.5532884764764459
8.37129271 0.639014826 none 99.53599987 0.5496438693881625
8.41573808 0.641907783 none 99.2061809 0.5458573620854725
8.46128933 0.644875801 none 98.84726566 0.542271771250717
8.5082073 0.6479365890000001 none 98.50895002 0.5383015901301234
8.55461524 0.650965893 none 98.0768524 0.5355090515808737
8.60086818 0.653987516 none 97.71310852 0.5320598957766328
8.64684906 0.656994057 none 97.35734963 0.5286311496235866
8.69407995 0.660085916 none 97.02744187 0.5247881217606931
8.74036084 0.663117598 none 96.62302902 0.5219652638153968
8.78677508 0.666160514 none 96.26863354 0.518642716891976
8.83291818 0.669187752 none 95.89338364 0.5156479809728314
8.87890735 0.672207122 none 95.53537947 0.5125506212118282
8.9246257 0.6752109319999999 none 95.18076318 0.5095159664090771
8.96996667 0.678191842 none 94.81769141 0.506685085177125
9.01734943 0.681311193 none 94.54617328 0.5026319321333996
9.06404827 0.684387506 none 94.1473777 0.5000942772511644
9.11044048 0.687446032 none 93.80924148 0.49701269435822387
9.15706188 0.690522476 none 93.48268423 0.4938314594480917
9.20407085 0.693627241 none 93.14537962 0.4907649086838072
9.25092976 0.696724191 none 92.7842417 0.4880265430610762
9.29723787 0.6997868 none 92.44016849 0.4852391835436623
9.34251598 0.702783203 none 92.10310891 0.48257171142410077
9.38736911 0.705753642 none 91.78639436 0.47979813449723396
9.43184599 0.708701232 none 91.46775354 0.4771434535574129
9.47631077 0.71165029 none 91.16205085 0.4744019799987877
9.52196485 0.7146815049999999 none 90.88855984 0.47121432531800944
9.56700888 0.717674121 none 90.54624948 0.46886926844350424
9.61212359 0.720673388 none 90.22909298 0.4663005408963726
9.65887648 0.723785324 none 89.97586399 0.46290640398266847
9.70463234 0.7268324899999999 none 89.6136112 0.4608118134522166
9.74922364 0.729803734 none 89.29898298 0.45841971821556204
9.79639892 0.732951005 none 89.05620407 0.455010443679875
9.84420874 0.736143669 none 88.74205986 0.4523012666033658
9.89287347 0.7393965299999999 none 88.43612367 0.44945160711482185
9.9411378 0.742624953 none 88.10428511 0.44696331736721867
9.98810962 0.745768321 none 87.75982376 0.4448066586214302
10.03461878 0.748882947 none 87.46900011 0.44220577592322874
10.08062922 0.751966455 none 87.17591001 0.4397300828793553
10.12619119 0.75502223 none 86.89000832 0.4372760234939119
10.17117822 0.758041202 none 86.58668942 0.4351047794046052
10.21663915 0.761094355 none 86.31540949 0.4325958867891606
10.26190098 0.764136025 none 86.01822111 0.4304092736868071
10.30638026 0.767126834 none 85.73037942 0.4282560858013465
10.35103581 0.770131752 none 85.46769119 0.4258685078739534
10.39612499 0.773168522 none 85.21263605 0.4233933816292438
10.44092243 0.7761876830000001 none 84.92960207 0.42126573874564566
10.48643658 0.7792577009999999 none 84.67243924 0.4188389940246689
10.53269768 0.7823811 none 84.42084348 0.4163131534046394
10.57801418 0.785442288 none 84.11547493 0.4144574172615143
10.62467549 0.788597208 none 83.87342627 0.411869928345694
10.67122583 0.791746726 none 83.58455499 0.40979217469275314
10.71958411 0.795022339 none 83.35736893 0.40695704069922917
10.76867008 0.7983506140000001 none 83.08760652 0.40450237009332607
10.81702118 0.801631169 none 82.78495467 0.40248337192756456
10.86492948 0.8048837280000001 none 82.50185227 0.40035726874884336
10.91181497 0.8080686439999999 none 82.2203449 0.3983558556610446
10.95920492 0.811290309 none 81.96571882 0.39607842830454226
11.00569533 0.814452517 none 81.68141698 0.3942128012573225
11.05364992 0.8177172260000001 none 81.44308147 0.3917930467260969
11.10148013 0.820975457 none 81.15743822 0.38987678545578097
11.14960364 0.824256297 none 80.90712303 0.3876271792037796
11.19495466 0.827348357 none 80.58143265 0.3864019980632957
11.23997441 0.830419648 none 80.35167469 0.38431899017479154
11.28573607 0.833544502 none 80.14053511 0.38201789649676476
11.33208555 0.8367118809999999 none 79.88959066 0.3800724227398113
11.37843875 0.8398815020000001 none 79.6328917 0.3782122027531403
11.42504329 0.8430704739999999 none 79.38762837 0.37625065399268215
11.4701996 0.846161637 none 79.11993952 0.3746646085056219
11.51652295 0.849335454 none 78.91157083 0.37243923115496774
11.5642764 0.852610273 none 78.68314976 0.37030485129598106
11.61173138 0.8558665660000001 none 78.41719875 0.36858166418599153
11.65916525 0.859123423 none 78.16913536 0.36672225212561904
11.70608559 0.8623469370000001 none 77.92223816 0.36492670575984787
11.75252602 0.8655393610000001 none 77.6803586 0.36315468191293393
11.79741548 0.868626398 none 77.42766837 0.36164554966304585
11.84141878 0.8716539620000001 none 77.19954012 0.36000854288684336
11.88528187 0.8746736150000001 none 76.98089074 0.3583196429593534
11.92823831 0.8776321749999999 none 76.75066041 0.3568393229217428
11.97023719 0.880525789 none 76.52124928 0.35545466208275056
12.01121052 0.8833497539999999 none 76.30423419 0.35406190793860276
12.05319285 0.8862455499999999 none 76.13207062 0.3521900421250867
12.09610026 0.889207225 none 75.9279895 0.3505595555777662
12.13909675 0.8921769279999999 none 75.72046063 0.34897563004634397
12.18323047 0.895227648 none 75.53059083 0.34715892560995565
12.2275032 0.8982900880000001 none 75.32014173 0.34554330181071385
12.27241629 0.901399 none 75.11356392 0.3438639169179311
12.31830649 0.904578049 none 74.91181296 0.3420864003797035
12.36514346 0.90782512 none 74.69846978 0.34036473828602065
12.41087725 0.910997008 none 74.45574592 0.33902152181679285
12.45604304 0.914131016 none 74.23908935 0.3375079078830524
12.50045309 0.917214094 none 74.02604631 0.33604179117377736
12.5443486 0.920262999 none 73.81899634 0.3345818700901854
12.58904668 0.9233697519999999 none 73.62696649 0.33294600839157734
12.63552854 0.926603214 none 73.43850314 0.33116582984409126
12.68255138 0.929876441 none 73.22020627 0.329637740366025
12.72815748 0.933052147 none 72.98467245 0.3283926909437011
12.77407238 0.936251406 none 72.79299189 0.3267517861330065
12.81885136 0.939372737 none 72.57014854 0.3254952682069051
12.86383898 0.942510515 none 72.38050965 0.32394603817310963
12.90872573 0.945643108 none 72.18273237 0.3224973410850086
12.95391977 0.9487989569999999 none 71.98341507 0.3210606415734113
13.00012265 0.9520280619999999 none 71.81265424 0.31931796396631107
13.04665629 0.955282148 none 71.59812107 0.31796280695843826
13.09247819 0.9584877589999999 none 71.3813909 0.31669764502025743
13.13837794 0.961701085 none 71.20396462 0.3150981759469323
13.1833892 0.9648535669999999 none 70.99197514 0.31388590905649993
13.22815698 0.967990653 none 70.8028582 0.31250681145431847
13.27291137 0.9711285789999999 none 70.61545571 0.31113210075368936
13.3166469 0.974196261 none 70.41409631 0.30996735936504516
13.36050515 0.9772739039999999 none 70.22517439 0.3087023956913706
13.4046299 0.9803719830000001 none 70.04672145 0.3073450750798321
13.45054407 0.98359845 none 69.88725864 0.30572083759188784
13.49767673 0.986913057 none 69.70189195 0.3042627185014134
13.54423801 0.9901889580000001 none 69.49147829 0.3030799594897072
13.58992059 0.993404359 none 69.29365738 0.3018626677804302
13.63558935 0.9966206209999999 none 69.11508038 0.3004964302174956
13.68140404 0.9998493209999999 none 68.94142607 0.2990958349360127
13.72693171 1.003059535 none 68.75366438 0.29785351325932624
