#t(Gyr) a(1) filename H(km/s/Mpc)
0.54691009 0.1 none 1191.898919 1.0002203659193458
0.57191009 0.10302466699999999 none 1139.44831521 1.000833020001022
0.63441009 0.110400031 none 1026.29777577 1.0025826472196402
0.69691009 0.117535427 none 933.79358828 1.0036132848412873
0.75941009 0.12445669200000001 none 856.57060971 1.0046006309438316
0.82191009 0.131182646 none 790.4824853 1.0073047500398136
0.88441009 0.137726913 none 733.0572581 1.0121440086220828
0.94691009 0.144099807 none 682.59156361 1.0192072745393141
1.00941009 0.15031012800000002 none 637.92622946 1.0281793860009276
1.07191009 0.15636613500000002 none 598.19321332 1.0386362526762545
1.13011535 0.161872936 none 564.83207325 1.0500575795447749
1.18326863 0.16679479800000002 none 537.19839247 1.0611032163787397
1.23208786 0.17122969 none 513.95545611 1.071485681816943
1.27697321 0.17523809299999998 none 494.17707668 1.0812442173313563
1.321435 0.17914768 none 476.20580579 1.08981205635272
1.3652302 0.182942044 none 459.64074215 1.0984920777601188
1.40973063 0.186743474 none 444.08009397 1.1064088251935447
1.45425323 0.190494784 none 429.4808893 1.1143909889210941
1.50088838 0.19437231100000002 none 415.40965608 1.1212905845578698
1.54630141 0.198098613 none 402.34688507 1.1290910209022864
1.59033436 0.201667422 none 390.56845389 1.135724462543095
1.63264895 0.20505779400000002 none 379.89377498 1.141882317409428
1.67374053 0.208315553 none 370.17822002 1.147064215729871
1.71657474 0.211678744 none 360.88433972 1.1502883513604278
1.75963269 0.215026881 none 351.86597354 1.1543612397439151
1.80232798 0.21831591700000003 none 343.41053523 1.1579534866442114
1.84672641 0.22170678700000002 none 335.34312109 1.1594680246308493
1.89010696 0.22499090900000002 none 327.57143326 1.1626997848047294
1.93251714 0.228175246 none 320.44122318 1.1648558926249657
1.97322821 0.23120849200000002 none 313.89602127 1.1667869946234684
2.01187305 0.234067127 none 307.92291057 1.168609103120788
2.04911022 0.23680393 none 302.51263472 1.1692861128963046
2.08544742 0.239458854 none 297.47018325 1.1694858291565615
2.11937126 0.241923172 none 292.78195836 1.170721294061174
2.15185789 0.244271152 none 288.59109309 1.170555896266526
2.18337113 0.24653820099999998 none 284.66308905 1.170198565778565
2.21404027 0.24873500499999998 none 280.97641803 1.1695642245811324
2.24519811 0.25095829 none 277.48087182 1.1676261285382166
2.2771311 0.253228572 none 274.01126778 1.1654659317765264
2.30970159 0.255535851 none 270.56925565 1.163220731668825
2.34315087 0.257897102 none 267.16706763 1.1605645788063261
2.37771432 0.260328789 none 263.79647859 1.1573639824119784
2.41152046 0.262698228 none 260.39076983 1.1559843215755634
2.44533844 0.265060607 none 257.2630061 1.1528805180309083
2.47968812 0.267452745 none 254.20678626 1.1493679576239357
2.51223885 0.269711609 none 251.14696932 1.148205814578854
2.54332037 0.271861687 none 248.41400543 1.145983507391262
2.57467113 0.27402498799999997 none 245.91239402 1.1419397933329363
2.60537257 0.276137862 none 243.36779152 1.1393849243709864
2.635381 0.278197888 none 240.98220319 1.1364311197361385
2.66570461 0.280275131 none 238.72817538 1.132435550875532
2.69701007 0.28241558499999997 none 236.49743281 1.127861325868304
2.7293734 0.28462432299999996 none 234.23997535 1.1231467007822473
2.76212483 0.286855027 none 231.92771203 1.1191334129751567
2.79633151 0.289180993 none 229.72138432 1.1134288278438784
2.83062087 0.29150805 none 227.41560525 1.1091297710955959
2.86671191 0.293953939 none 225.26370121 1.1024382206118777
2.9020338 0.296342683 none 222.90841757 1.0988514401175964
2.93749817 0.298737052 none 220.7961541 1.0932620255403684
2.97355511 0.301167776 none 218.70353652 1.087520438521964
3.00958383 0.303592719 none 216.60120245 1.0823775184380517
3.04495149 0.305969155 none 214.54829264 1.0776841065387872
3.07951282 0.30828775199999997 none 212.61125739 1.072835708646938
3.11328838 0.310550321 none 210.76532846 1.0680221461533033
3.14704743 0.312809273 none 209.04630814 1.0623085672845562
3.1798582 0.315001913 none 207.30281504 1.0578511731182227
3.21191857 0.317141829 none 205.66613242 1.0531455647537844
3.24389418 0.31927403600000004 none 204.11961412 1.047886537283234
3.27462697 0.321320893 none 202.55147234 1.0439671672794502
3.30448958 0.32330778699999996 none 201.12270166 1.0394506180778054
3.33379039 0.325255538 none 199.74721945 1.0349966887365047
3.36346907 0.327227277 none 198.46172605 1.0296094533507978
3.39374383 0.329237757 none 197.17970279 1.0240501527589674
3.42461239 0.331286761 none 195.87162552 1.0186365320839086
3.45577669 0.33335451699999996 none 194.57612321 1.0131562314349245
3.4869889 0.335424393 none 193.26824815 1.0080210403491434
3.51743501 0.337441891 none 191.93827837 1.0038165842834332
3.54962093 0.339574859 none 190.83083354 0.9964852239174964
3.58276472 0.34177101 none 189.55787259 0.9905701288961213
3.6166954 0.344019014 none 188.29572139 0.9843426462274405
3.65119824 0.34630444800000004 none 187.00647356 0.9783337917535355
3.68648062 0.348641263 none 185.74209078 0.9718909245255748
3.72226308 0.351010712 none 184.44144493 0.9658204623801983
3.75839048 0.353402726 none 183.18015014 0.9594183888918811
3.79301454 0.35569371 none 181.83430175 0.954980189901055
3.82717781 0.357953599 none 180.67155299 0.9491061547064684
3.86193867 0.360253013 none 179.54152967 0.9428049145326699
3.89563399 0.362480865 none 178.30981685 0.9383584743055087
3.92766381 0.364597466 none 177.17553288 0.9339553449698558
3.95905467 0.366671117 none 176.12763778 0.9291576769202956
3.99019085 0.36872774399999997 none 175.14974223 0.9239279201052644
4.02013549 0.370704928 none 174.12738842 0.9199310841794798
4.04976596 0.372661226 none 173.22585461 0.91496924128895
4.07920429 0.374604817 none 172.33073139 0.9101836077396163
4.10842299 0.376533914 none 171.44956248 0.9055021511594638
4.13726452 0.37843799100000003 none 170.5708685 0.9011158703774608
4.16610585 0.380342246 none 169.74760725 0.8962796217956525
4.19589102 0.382309578 none 168.96396542 0.8907192175413923
4.22599939 0.384298643 none 168.10543387 0.8859403630542235
4.25581776 0.386268643 none 167.24360741 0.8814691759359574
4.28659878 0.388303167 none 166.47758863 0.8756896035262004
4.31825253 0.39039633399999996 none 165.66111832 0.8701941812592743
4.3503447 0.39251916800000003 none 164.80557413 0.8650638087417727
4.38217115 0.39462462600000003 none 163.92365669 0.8604759335866301
4.41386374 0.396721542 none 163.08591375 0.8556266292258421
4.44532429 0.398803443 none 162.26196305 0.8508723209355536
4.47660707 0.400874074 none 161.46834568 0.846010677362919
4.50853708 0.402988628 none 160.72591416 0.8404741548283368
4.5397382 0.40505504200000003 none 159.87966431 0.836461510747953
4.57125166 0.407143025 none 159.15585308 0.8311670502601108
4.60298428 0.40924638599999996 none 158.40120798 0.8262338959172352
4.63496329 0.411366954 none 157.65005619 0.8212929263830724
4.6667379 0.413474558 none 156.87988699 0.8167584465882497
4.69796146 0.415545932 none 156.11227599 0.8125373412306225
4.7295444 0.41764213000000006 none 155.42625638 0.8074448438207867
4.76266982 0.419842434 none 154.7592075 0.8016827839943207
4.79583385 0.42204609700000006 none 153.9723143 0.7972776776551247
4.82797702 0.424182146 none 153.19290219 0.7933048373702144
4.85816355 0.426187758 none 152.41813746 0.7901296010427
4.88983265 0.42829367100000004 none 151.87954828 0.784063038098995
4.92065196 0.43034332099999995 none 151.11716748 0.7807315583861631
4.95150408 0.43239593200000004 none 150.47663794 0.7762320813305112
4.98170934 0.43440594600000004 none 149.80095227 0.7724281869159949
5.01151886 0.436390188 none 149.16680877 0.7684316004328536
5.04119997 0.438366589 none 148.55297645 0.7643627088728848
5.0718142 0.440406548 none 147.99422475 0.7594928792755843
5.10204833 0.442421852 none 147.34152661 0.7558132587055635
5.13183613 0.44440797099999996 none 146.72120855 0.7520439707818298
5.16160196 0.4463935 none 146.14466677 0.7479197744003804
5.19167791 0.448400833 none 145.5799627 0.7436560324620626
5.22254019 0.45046192500000004 none 145.00867494 0.7392857099602232
5.25354797 0.45253366 none 144.39650475 0.7353744201291578
5.28408406 0.454574385 none 143.76924272 0.7318594670605325
5.3152659 0.45665967700000004 none 143.24109323 0.7272124335428518
5.3466665 0.458760721 none 142.65070487 0.723215992590328
5.37841019 0.46088590900000004 none 142.0740513 0.7190593279499117
5.41029626 0.46302167699999996 none 141.48340489 0.7150881289763614
5.4406368 0.465053989 none 140.83699784 0.7122474542037741
5.47172742 0.46713790299999997 none 140.34449242 0.7076988275258819
5.50260037 0.469208074 none 139.76480042 0.7041780724937872
5.53328472 0.47126666000000006 none 139.2334261 0.7003052396788376
5.56397965 0.47332690499999996 none 138.6876148 0.6966515574620697
5.59465876 0.47538698999999995 none 138.1454447 0.6930419621445971
5.62597951 0.47749157000000003 none 137.64522007 0.6888983587876144
5.65718702 0.479589444 none 137.08512967 0.6854645573727718
5.68889611 0.48172240000000005 none 136.58024424 0.681409604585815
5.72036441 0.48384016599999996 none 136.03551622 0.6778977172843643
5.75185315 0.48596043499999997 none 135.51791291 0.6741839347672224
5.78332765 0.48808084799999996 none 134.9986373 0.6705643734498768
5.81556425 0.490254135 none 134.50794036 0.6665226364775115
5.84768097 0.492420368 none 133.96387208 0.6631184875992584
5.87936963 0.494558533 none 133.42806183 0.6598224551781211
5.91025464 0.496643103 none 132.90329912 0.6567042021801601
5.94088403 0.49871134699999997 none 132.421168 0.6532989610567386
5.97304105 0.5008849129999999 none 132.01638645 0.6487912900274534
6.00602326 0.5031160210000001 none 131.52043404 0.6450355296601169
6.03883279 0.505336551 none 130.98756976 0.641759401948474
6.07121941 0.507529433 none 130.47600884 0.6384538618634995
6.1037586 0.509734051 none 130.00745799 0.6347563779400803
6.13585517 0.51190967 none 129.50177622 0.6316014148694867
6.16738414 0.5140477299999999 none 129.01647707 0.6284545143145132
6.19815566 0.516135075 none 128.52729948 0.6255955625147951
6.22984221 0.518286257 none 128.13269418 0.6216494441616172
6.26128815 0.520422134 none 127.64592853 0.6187188302383185
6.29252855 0.522545069 none 127.188152 0.6156160994600842
6.32382888 0.5246734 none 126.76018376 0.6122681727838407
6.35448616 0.526758789 none 126.28997543 0.6095388842212357
6.38585454 0.5288940120000001 none 125.88663532 0.606051238155849
6.41731071 0.531036317 none 125.43253602 0.603089086893765
6.44910222 0.5332029 none 125.01527124 0.5997508906090964
6.4810234 0.5353795339999999 none 124.56978408 0.5967106999945017
6.51293965 0.537556907 none 124.1224664 0.5937456108365508
6.54531774 0.539767292 none 123.71023106 0.590396284804073
6.57718412 0.541943663 none 123.24901875 0.5876857728228887
6.60849528 0.54408303 none 122.817355 0.5848702395071689
6.63968386 0.54621515 none 122.40903046 0.5819107812520667
6.66933784 0.548242656 none 121.95061977 0.5798131395539529
6.69881777 0.550259289 none 121.58773286 0.5768898204767763
6.7292183 0.552340477 none 121.23750708 0.5736935108831033
6.76013868 0.55445867 none 120.84944221 0.570791776944784
6.79081897 0.556561506 none 120.44577775 0.568135448596734
6.82077431 0.558615297 none 120.02808846 0.5658095756784889
6.85121739 0.560703898 none 119.68053865 0.562764571216998
6.88155655 0.562786364 none 119.28359937 0.5602506583437905
6.91282824 0.564934391 none 118.93129894 0.5571705838353527
6.94365577 0.5670527009999999 none 118.50984689 0.5548753099106809
6.97440577 0.569166769 none 118.13872707 0.552168164554831
7.00499951 0.571271224 none 117.76810945 0.5495308689058944
7.03610783 0.573412406 none 117.40660564 0.5467492876198916
7.06783361 0.5755975959999999 none 117.04578669 0.5438837217496005
7.09971024 0.5777945360000001 none 116.66851036 0.5411864915576216
7.13194459 0.580017609 none 116.3015712 0.5383687523903327
7.16404093 0.582232391 none 115.91659432 0.5357895405754343
7.19638208 0.584465403 none 115.54567188 0.5330779940660729
7.22834938 0.586673682 none 115.16053685 0.530612362696134
7.25962818 0.588835184 none 114.77211149 0.5283485815792001
7.29090591 0.5909977559999999 none 114.42233589 0.5257695500483855
7.32245029 0.5931801379999999 none 114.07905438 0.5231219191398009
7.35379984 0.595350108 none 113.71119626 0.5207757797940756
7.38474049 0.5974926899999999 none 113.34805165 0.5184998525912061
7.41532271 0.599611376 none 112.997401 0.5162119384935795
7.44572013 0.601718236 none 112.655607 0.5139127589691773
7.47661179 0.603860609 none 112.32906267 0.511422903011701
7.50697501 0.605967111 none 111.96720154 0.5093845135182382
7.53707503 0.608056211 none 111.63087241 0.507194716102795
7.56695429 0.610130947 none 111.30540308 0.5049785024855046
7.59641889 0.612177717 none 110.97486886 0.5029128259310983
7.62576516 0.614217293 none 110.66755665 0.5006886918419639
7.65354933 0.6161484770000001 none 110.30793591 0.49923484572002
7.68069175 0.61803561 none 110.01455188 0.4973175434328626
7.70651049 0.619830917 none 109.6986517 0.4958522185412347
7.73124859 0.621551372 none 109.416441 0.4942859751092538
7.75646203 0.623305769 none 109.18206783 0.49223044844650454
7.78198161 0.625082363 none 108.92667636 0.49033659225196424
7.80808606 0.626900745 none 108.6794779 0.4882959254063721
7.83416749 0.6287184029999999 none 108.41169767 0.486467393951834
7.861271 0.630608728 none 108.18467109 0.4841312925307576
7.88846461 0.632506224 none 107.89405558 0.4823753413139722
7.91605433 0.63443246 none 107.63365933 0.480310574812009
7.94344546 0.636345653 none 107.34837817 0.4785246617016369
7.97152429 0.638308131 none 107.09822006 0.47634203625561855
7.99977166 0.640283444 none 106.81890226 0.4744183808186044
8.02800368 0.642258615 none 106.53736117 0.4725424825916059
8.05608375 0.644223975 none 106.25373568 0.47073390455112457
8.0839621 0.646175966 none 105.97155659 0.46896833019158024
8.11215293 0.6481509360000001 none 105.71695894 0.46693536062160224
8.14100043 0.6501731470000001 none 105.45575591 0.46488644246847494
8.17064857 0.652252838 none 105.19020719 0.4627815023414267
8.19973385 0.654293719 none 104.87917271 0.4611877735530671
8.2301013 0.656426211 none 104.643067 0.4587709213615004
8.26162837 0.658641877 none 104.37388443 0.4565021543152983
8.29358025 0.660888811 none 104.07574338 0.4544543910736308
8.32533575 0.663123092 none 103.77270335 0.4525075491187653
8.35624401 0.665298419 none 103.45344636 0.45085318788096745
8.38677043 0.667447718 none 103.16562074 0.4490066736301757
8.41685963 0.669567048 none 102.87824118 0.44724476576312366
8.44725682 0.671709302 none 102.61906494 0.445219677911244
8.47748638 0.67384082 none 102.3424993 0.4433947628142711
8.50824704 0.676011055 none 102.07787347 0.44141788177788643
8.53984886 0.678242072 none 101.81093897 0.4393710938437564
8.5712573 0.6804603659999999 none 101.50964093 0.43767471597076824
8.6021476 0.682642866 none 101.21949135 0.4359790050420225
8.63302408 0.68482544 none 100.95135344 0.43412080297597416
8.66421632 0.687031446 none 100.67933839 0.43227885500235286
8.69502392 0.689211103 none 100.39424907 0.4306258317492992
8.72564189 0.69137834 none 100.1291533 0.4288507252274646
8.75663317 0.693573148 none 99.86774975 0.42701900436707196
8.7871455 0.695734824 none 99.58559281 0.42545172941581066
8.81763255 0.697895685 none 99.32663206 0.42371280201608097
8.84700435 0.6999778759999999 none 99.03550903 0.42241538534761314
8.87697623 0.702103824 none 98.81188125 0.4204866327204896
8.9075004 0.7042701339999999 none 98.56079927 0.4187437100773013
8.93827502 0.706455428 none 98.31040611 0.41698579984053263
8.9686396 0.7086124650000001 none 98.04252569 0.4154504184913502
8.9986403 0.7107444629999999 none 97.78454833 0.4138982800168336
9.02829361 0.712852569 none 97.53209208 0.41236358604084156
9.05682371 0.714881219 none 97.26534948 0.4111086160315522
9.08473424 0.716866426 none 97.0313639 0.40967130953592457
9.11203505 0.718808911 none 96.80255268 0.408282314659308
9.13967731 0.720776722 none 96.59844678 0.40666051013816507
9.16851152 0.722830743 none 96.39469602 0.40490992520717717
9.19678025 0.7248451300000001 none 96.14070731 0.4036679257036244
9.22508809 0.7268632260000001 none 95.92420187 0.40212406526449734
9.25343078 0.728884661 none 95.69698066 0.40068366852663945
9.28146992 0.730885199 none 95.46862719 0.39930586417848063
9.310001 0.732921967 none 95.26513615 0.39767962860696776
9.33914612 0.735003744 none 95.04930432 0.39610288527012694
9.36851989 0.737102854 none 94.81957387 0.39463378984968156
9.39875301 0.739264751 none 94.61039393 0.3929134054276229
9.42911434 0.7414369439999999 none 94.37623517 0.3914051913128743
9.46027208 0.7436675349999999 none 94.15900477 0.38968560024229176
9.49155672 0.745908251 none 93.91131435 0.38822408377249495
9.52241952 0.748119577 none 93.66411505 0.38682543058132307
9.5521589 0.750250918 none 93.41403394 0.3855943705332701
9.58166649 0.752366549 none 93.19985288 0.38411003815491285
9.61121455 0.754486063 none 92.98293539 0.38266115212191093
9.6397016 0.756529888 none 92.73854978 0.38157127546633424
9.66779678 0.758546272 none 92.5290708 0.38025235138371744
9.69567596 0.760547955 none 92.32550133 0.3789233664744679
9.72405693 0.76258673 none 92.13269028 0.37746727704817035
9.75279932 0.76465248 none 91.92728001 0.3760914153281855
9.78168643 0.766729545 none 91.7162358 0.37476196270214
9.81123847 0.768855629 none 91.52076448 0.3732509069880083
9.84067796 0.7709743689999999 none 91.29162862 0.3720427232645598
9.86980785 0.773071555 none 91.07521885 0.37077890415248294
9.89895161 0.775170597 none 90.86848814 0.36945033680508654
9.92816797 0.777275799 none 90.66410161 0.36811064994350884
9.95701935 0.779355409 none 90.44813323 0.36691770426848785
9.98562697 0.781418137 none 90.23921756 0.36570714168671675
10.01342302 0.78342288 none 90.02912577 0.3646025703050985
10.04016714 0.7853520780000001 none 89.81856043 0.3636211810891629
10.06707177 0.787293617 none 89.6426621 0.36235550473676625
10.09428119 0.789258012 none 89.46082206 0.3611201964502223
10.12141841 0.791217891 none 89.26704781 0.36000116279893224
10.14861037 0.79318249 none 89.08240886 0.3588155746123367
10.17622013 0.795178094 none 88.89628533 0.3576136567050427
10.204761 0.797242136 none 88.7215518 0.35624235585647035
10.23372725 0.799337977 none 88.53004938 0.3549782882954846
10.26389179 0.80152202 none 88.35834127 0.3534541310150827
10.29469611 0.803753643 none 88.1569499 0.35212152185168355
10.32572408 0.8060025059999999 none 87.94683779 0.35085277141012816
10.35630995 0.808220092 none 87.73061648 0.34969003361134315
10.38634899 0.8103987269999999 none 87.52147795 0.3485370963439845
10.41564282 0.812523846 none 87.31150138 0.34747477772325536
10.44477605 0.8146381119999999 none 87.12332644 0.34626729526944283
10.47321488 0.816702533 none 86.92133725 0.34524709975882845
10.50128325 0.818740618 none 86.72899106 0.344196894294263
10.52963666 0.820800249 none 86.5531628 0.3430016598376698
10.55731821 0.8228115710000001 none 86.35554211 0.34205263776515205
10.58378363 0.824734896 none 86.16812154 0.3411443491561267
10.61013915 0.8266509129999999 none 86.00603195 0.3400558680128744
10.63721981 0.8286205839999999 none 85.84800393 0.33888081965837763
10.66570918 0.830694059 none 85.69700041 0.33753591474605144
10.69459958 0.8327977759999999 none 85.5165607 0.33639956268797094
10.72353913 0.834905899 none 85.32934779 0.3353243597047408
10.75255052 0.837020126 none 85.14975357 0.33419508015137744
10.78141731 0.839124609 none 84.96671571 0.33311754607898886
10.81030913 0.841231696 none 84.78496 0.33203970748635503
10.83947667 0.8433598099999999 none 84.61025444 0.330894721853415
10.86921131 0.845530431 none 84.44088243 0.32967141385326065
10.89826881 0.847652125 none 84.23727237 0.3287857512351418
10.92680179 0.849736096 none 84.05559148 0.3277850385115488
10.95501706 0.851797537 none 83.8817454 0.3267612041350804
10.9833656 0.853869508 none 83.71276536 0.325699170634222
11.01141435 0.8559202000000001 none 83.53461769 0.32474445055815265
11.03866939 0.857913212 none 83.34966632 0.3239192406358534
11.06673328 0.859966379 none 83.20507367 0.32272343872900555
11.0949039 0.8620282080000001 none 83.0369719 0.3217118854078078
11.12318623 0.864099003 none 82.86818818 0.32070693084368157
11.15123474 0.866153394 none 82.69904963 0.31973418562071476
11.17980042 0.8682465909999999 none 82.54027819 0.3186496369116668
11.20879005 0.87037186 none 82.37899475 0.3175609149802132
11.23733083 0.8724648549999999 none 82.19887984 0.31666416656213114
11.26563903 0.8745414869999999 none 82.03246947 0.31569065338198044
11.29434782 0.876648439 none 81.87622275 0.31461726818315144
11.32312187 0.878761051 none 81.71166526 0.31361297576940905
11.35209997 0.880889436 none 81.54296172 0.3126348419377754
11.38117892 0.8830260190000001 none 81.37566804 0.31164840570394353
11.41041626 0.88517504 none 81.20849107 0.31065917543284516
11.43963451 0.887323419 none 81.03973088 0.3096939582222102
11.46882216 0.889470317 none 80.87331507 0.3087234899079421
11.49835137 0.891643184 none 80.70894139 0.30772158511834224
11.52830614 0.893848274 none 80.54408126 0.3067014740623739
11.55773876 0.896015467 none 80.36242926 0.30585945649164875
11.58719132 0.898184846 none 80.19832306 0.30489254111944253
11.61628791 0.900328633 none 80.02911489 0.30400122321105993
11.64476016 0.9024269009999999 none 79.85886488 0.30317415819876875
11.67300793 0.904509187 none 79.69812415 0.3023008713127062
11.7020814 0.906653399 none 79.55817531 0.3012180793614199
11.73224207 0.908879039 none 79.41059032 0.30012310650475205
11.76281126 0.9111358340000001 none 79.2444919 0.2991486124063796
11.79276665 0.913347792 none 79.06038567 0.2983651797923606
11.82249151 0.915543367 none 78.89674 0.29745389901945296
11.85274323 0.917778856 none 78.74603917 0.2964169017639896
11.88311325 0.920023932 none 78.58059423 0.29549256240463323
11.9135002 0.922271118 none 78.41928719 0.29454587092367646
11.94295112 0.924449501 none 78.24198384 0.2937955820335926
11.97185575 0.9265880550000001 none 78.08558551 0.2929359756630449
11.99985502 0.928660085 none 77.9267349 0.2921670577162485
12.02768546 0.9307202609999999 none 77.78200959 0.29131223236189746
12.05624731 0.932835556 none 77.64744881 0.29033867384480117
12.08523868 0.9349835360000001 none 77.49851405 0.28945156597011795
12.11495872 0.937186494 none 77.35285026 0.2884986858086967
12.14567141 0.9394642089999999 none 77.2079121 0.28748170413346075
12.1764341 0.9417464320000001 none 77.04112487 0.2866337754041585
12.20724462 0.9440329670000001 none 76.87956309 0.2857532967445825
12.2383839 0.946344847 none 76.72613044 0.28479980547812905
12.26843182 0.9485760580000001 none 76.5481539 0.28411137735939307
12.29823431 0.950789713 none 76.39846429 0.2832382253399386
12.32792275 0.9529955449999999 none 76.24378286 0.282418447941473
12.3564024 0.9551118410000001 none 76.078517 0.28176547697047644
12.3843847 0.957191581 none 75.9302739 0.281026970463826
12.41252932 0.959284102 none 75.79637267 0.2801792438619763
12.4401014 0.961334514 none 75.64693521 0.2794912819916487
12.46766838 0.96338513 none 75.5098908 0.27871930131035005
12.49461659 0.9653900889999999 none 75.36317277 0.2780658719205578
12.52156416 0.967395615 none 75.23457813 0.2772855393314746
12.54876629 0.969420766 none 75.10377148 0.27651207190887034
12.57556484 0.971416352 none 74.96397575 0.2758373632412429
12.60196972 0.973383085 none 74.8297933 0.2751528837116101
12.62858128 0.975365862 none 74.70569949 0.2743875604933437
12.65673643 0.977464844 none 74.59739903 0.2734158804283414
12.68552769 0.9796121790000001 none 74.46060711 0.2726207270239829
12.71483451 0.981798882 none 74.32538748 0.27178944155276125
12.74429216 0.98399757 none 74.18056462 0.2710267753442918
12.77391475 0.986209341 none 74.04073123 0.2702251779105322
12.8022953 0.9883286010000001 none 73.88073463 0.269654730922425
12.83041496 0.9904289079999999 none 73.74801277 0.268908157612806
12.85854899 0.992530933 none 73.61650076 0.26815879930313585
12.88636136 0.9946094750000001 none 73.48049579 0.2674684818183091
12.91382359 0.996662373 none 73.34743965 0.2667844055883265
12.94120098 0.998709444 none 73.21544819 0.266104135780113
12.96923642 1.000806551 none 73.09652906 0.26529594750151264
